1,0.014704
2,0.0100139
3,0.0115305
4,0.0109558
5,0.00933408
6,0.00956616
7,0.00960179
8,0.0111071
9,0.00926948
10,0.0108866
11,0.00880255
12,0.00957836
13,0.010674
14,0.00888723
15,0.00828146
16,0.0105667
17,0.00965989
18,0.0123738
19,0.00948526
20,0.0113401
21,0.0075145
22,0.0129921
23,0.00861765
24,0.0100797
25,0.0105058
26,0.00888147
27,0.0086027
28,0.00750997
29,0.00915192
30,0.00814004
31,0.00737799
32,0.00778366
33,0.00829788
34,0.00916806
35,0.0088366
36,0.00965491
37,0.00961204
38,0.00806431
39,0.0082488
40,0.0117244
41,0.00789998
42,0.00949896
43,0.00828059
44,0.00787226
45,0.00874819
46,0.0079422
47,0.00771601
48,0.00847183
49,0.00880739
50,0.00836485
51,0.00830976
52,0.00813134
53,0.00741587
54,0.00770005
55,0.0100853
56,0.0073183
57,0.00937563
58,0.00992675
59,0.00893964
60,0.00705086
61,0.00780774
62,0.00736904
63,0.00905553
64,0.00955713
65,0.00833233
66,0.00944491
67,0.00885808
68,0.00841633
69,0.00884158
70,0.00834668
71,0.00968081
72,0.00794383
73,0.00867296
74,0.00844168
75,0.00744893
76,0.00758571
77,0.00762697
78,0.00796413
79,0.00741168
80,0.00841312
81,0.00735463
82,0.00913034
83,0.00783329
84,0.00941932
85,0.00950514
86,0.00935093
87,0.00783162
88,0.00777497
89,0.00821239
90,0.00834732
91,0.00831078
92,0.0111264
93,0.0105496
94,0.00851853
95,0.00915324
96,0.00933578
97,0.00990593
98,0.0076403
99,0.00904934
100,0.00923429
101,0.00925534
102,0.00880949
103,0.00821196
104,0.00802057
105,0.00827793
106,0.00940888
107,0.0104472
108,0.009072
109,0.00817608
110,0.00801305
111,0.00891798
112,0.0075384
113,0.00919881
114,0.00804784
115,0.00848944
116,0.00838308
117,0.00764346
118,0.00842692
119,0.0083158
120,0.00782094
121,0.00822537
122,0.00822733
123,0.0076291
124,0.00735646
125,0.00812689
126,0.00888696
127,0.00853661
128,0.0104018
129,0.00903229
130,0.00826273
131,0.00937153
132,0.00824659
133,0.00812539
134,0.00768575
135,0.00805392
136,0.0080172
137,0.00728852
138,0.00757618
139,0.00778138
140,0.00775454
141,0.00782431
142,0.00785155
143,0.00791804
144,0.00753065
145,0.00749535
146,0.00760506
147,0.00752385
148,0.00786934
149,0.00734608
150,0.00728445
151,0.00756515
152,0.00758706
153,0.00758935
154,0.00758585
155,0.00761174
156,0.00760404
157,0.00765999
158,0.00748084
159,0.00774519
160,0.00765633
161,0.0077024
162,0.00773633
163,0.00760659
164,0.0078397
165,0.00759701
166,0.00784129
167,0.00798128
168,0.00760646
169,0.00763459
170,0.00770446
171,0.00767439
172,0.00783477
173,0.00770387
174,0.007645
175,0.00761341
176,0.00760134
177,0.00751871
178,0.00753704
179,0.00772653
180,0.00744335
181,0.00753976
182,0.00748503
183,0.00750567
184,0.00757826
185,0.00749677
186,0.00759577
187,0.00763712
188,0.00769506
189,0.00746909
190,0.00753875
191,0.00810462
192,0.00769733
193,0.00761821
194,0.00817117
195,0.00786185
196,0.00816734
197,0.00890848
198,0.00983415
199,0.00977733
200,0.00954331
201,0.00930768
202,0.00791795
203,0.00826379
204,0.00898644
205,0.00879559
206,0.00949216
207,0.00917592
208,0.00841301
209,0.00807998
210,0.00823328
211,0.0081022
212,0.00847884
213,0.00904725
214,0.00909282
215,0.00825328
216,0.00848387
217,0.00832437
218,0.00837907
219,0.00849292
220,0.00869557
221,0.00857093
222,0.00838704
223,0.0085201
224,0.00839081
225,0.00882835
226,0.0088955
227,0.00873822
228,0.00875857
229,0.0087659
230,0.00873157
231,0.00875698
232,0.00876194
233,0.00865357
234,0.00844552
235,0.00852738
236,0.00870219
237,0.00864378
238,0.00869583
239,0.00862863
240,0.00867029
241,0.00863996
242,0.00865856
243,0.00863929
244,0.0085674
245,0.00868486
246,0.00860639
247,0.0086321
248,0.00866489
249,0.008638
250,0.0086475
251,0.0086017
252,0.00856459
253,0.00853684
254,0.00861804
255,0.00854888
256,0.00857999
257,0.00850692
258,0.00844493
259,0.00848742
260,0.00844997
261,0.0084578
262,0.00849424
263,0.00851268
264,0.00846074
265,0.00842844
266,0.00842835
267,0.0084144
268,0.0084394
269,0.0084495
270,0.00847328
271,0.00840275
272,0.00842702
273,0.00842611
274,0.00838476
275,0.00844386
276,0.00843642
277,0.00840296
278,0.00842973
279,0.0084015
280,0.00840753
281,0.00839899
282,0.00841442
283,0.00842361
284,0.00840157
285,0.00840779
286,0.00840253
287,0.00841423
288,0.00838381
289,0.0083916
290,0.00838848
291,0.00840214
292,0.00838844
293,0.0083907
294,0.00837944
295,0.00840709
296,0.00840088
297,0.00839139
298,0.00838996
299,0.00839028
300,0.00838156
301,0.00838305
302,0.00836692
303,0.00836849
304,0.00837059
305,0.00837222
306,0.00837228
307,0.00837983
308,0.0083708
309,0.0083739
310,0.00836057
311,0.00835345
312,0.00835562
313,0.00836508
314,0.00836038
315,0.00836385
316,0.00836613
317,0.00836019
318,0.00834563
319,0.00835366
320,0.00837216
321,0.00835956
322,0.00834207
323,0.00834578
324,0.00832757
325,0.0083371
326,0.0083372
327,0.00833851
328,0.00832549
329,0.00831038
330,0.00831957
331,0.00831731
332,0.00832284
333,0.00832331
334,0.00830402
335,0.0083242
336,0.00832446
337,0.00833902
338,0.00833745
339,0.00834221
340,0.00833144
341,0.00834397
342,0.00833184
343,0.00831581
344,0.00830432
345,0.00829075
346,0.00830583
347,0.00830749
348,0.00834285
349,0.00832981
350,0.0083265
351,0.0083054
352,0.00832061
353,0.00830962
354,0.00830298
355,0.00832032
356,0.0083021
357,0.00829766
358,0.00828906
359,0.0083241
360,0.00832597
361,0.00830621
362,0.00833305
363,0.00832647
364,0.00830376
365,0.00831818
366,0.00831602
367,0.0082951
368,0.00830812
369,0.00829615
370,0.0082885
371,0.00829152
372,0.0083046
373,0.0082955
374,0.00830362
375,0.00830151
376,0.00829461
377,0.00828945
378,0.00830874
379,0.00829636
380,0.00830349
381,0.00830164
382,0.00829432
383,0.00830982
384,0.00831279
385,0.00830905
386,0.00829686
387,0.00830372
388,0.00829998
389,0.00828627
390,0.00829462
391,0.00829168
392,0.00829359
393,0.00829775
394,0.00829008
395,0.00829534
396,0.00829818
397,0.00829835
398,0.00829428
399,0.00828226
400,0.00830443
401,0.00829971
402,0.00828942
403,0.00830707
404,0.00830128
405,0.00828566
406,0.00829536
407,0.00830137
408,0.00830047
409,0.00830216
410,0.00829247
411,0.00829579
412,0.00829608
413,0.00830025
414,0.00830571
415,0.00830026
416,0.00830355
417,0.00830216
418,0.00830697
419,0.00829913
420,0.00829949
421,0.00829214
422,0.00830122
423,0.00829691
424,0.00829899
425,0.00830593
426,0.00830273
427,0.00829653
428,0.00830971
429,0.00831414
430,0.00830523
431,0.00830867
432,0.00830441
433,0.00829077
434,0.00828958
435,0.00832108
436,0.00830877
437,0.00831077
438,0.00830387
439,0.00830632
440,0.00830796
441,0.0083024
442,0.00831722
443,0.00830798
444,0.00831393
445,0.00830339
446,0.00831283
447,0.00831067
448,0.00831788
449,0.00832697
450,0.0083221
451,0.00830272
452,0.00832065
453,0.00833188
454,0.00831466
455,0.00832404
456,0.00832653
457,0.00832907
458,0.00831656
459,0.00832169
460,0.00832304
461,0.00833078
462,0.00833585
463,0.00831586
464,0.00833357
465,0.00832087
466,0.00832442
467,0.00832915
468,0.00833595
469,0.00832864
470,0.00834392
471,0.00834388
472,0.00833579
473,0.00834037
474,0.00833645
475,0.00834348
476,0.00833302
477,0.00832962
478,0.0083408
479,0.00832454
480,0.00833735
481,0.00832946
482,0.00833078
483,0.00832689
484,0.00833725
485,0.00833069
486,0.00832502
487,0.00834135
488,0.0083183
489,0.00832857
490,0.00832545
491,0.00833511
492,0.00833723
493,0.00833322
494,0.00833265
495,0.00832781
496,0.00831695
497,0.00833405
498,0.00832912
499,0.00831963
500,0.00833565
501,0.00832948
502,0.0083205
503,0.00832837
504,0.00832844
505,0.00833639
506,0.00833023
507,0.00833401
508,0.00832608
509,0.00833322
510,0.00831537
511,0.00832381
512,0.00832107
513,0.00832097
514,0.00831512
515,0.00831468
516,0.00831169
517,0.00832586
518,0.00831774
519,0.0083103
520,0.00832001
521,0.00831694
522,0.00832085
523,0.0083111
524,0.00831893
525,0.00832355
526,0.00831373
527,0.00832166
528,0.00831719
529,0.00831214
530,0.00831441
531,0.00832785
532,0.00832276
533,0.00832356
534,0.00831038
535,0.00830229
536,0.00830675
537,0.00832189
538,0.0083141
539,0.00831481
540,0.00831893
541,0.00831522
542,0.00831333
543,0.00830663
544,0.00830899
545,0.0083105
546,0.00832048
547,0.00831816
548,0.00832632
549,0.00833036
550,0.00831564
551,0.00831246
552,0.00831331
553,0.00831191
554,0.00831199
555,0.00831501
556,0.00831292
557,0.00830728
558,0.00830982
559,0.00831738
560,0.00831403
561,0.00830973
562,0.00831245
563,0.0083134
564,0.00830504
565,0.00831922
566,0.00831043
567,0.00831334
568,0.0083127
569,0.00831059
570,0.00830888
571,0.00830703
572,0.00831392
573,0.00831169
574,0.00831051
575,0.00831141
576,0.00830757
577,0.00831347
578,0.00830918
579,0.00830353
580,0.00830761
581,0.00830988
582,0.00830372
583,0.00830712
584,0.00830576
585,0.00830789
586,0.00830454
587,0.00830691
588,0.00830402
589,0.0082956
590,0.00829615
591,0.00830209
592,0.00830239
593,0.00831056
594,0.00830558
595,0.00829831
596,0.00829998
597,0.00830206
598,0.00830552
599,0.00830142
600,0.00830418
601,0.00830672
602,0.00830564
603,0.00829974
604,0.00830281
605,0.0083013
606,0.008302
607,0.00829611
608,0.00829611
609,0.0082992
610,0.00829698
611,0.0083046
612,0.0082967
613,0.00830124
614,0.00830519
615,0.00830283
616,0.00830101
617,0.00829453
618,0.00829479
619,0.00830045
620,0.0083032
621,0.00829322
622,0.00829864
623,0.00829428
624,0.00829717
625,0.00829904
626,0.00829457
627,0.00830098
628,0.00829542
629,0.00829986
630,0.00829507
631,0.00830145
632,0.00829136
633,0.00829114
634,0.0082942
635,0.00829912
636,0.00829462
637,0.00829824
638,0.0082933
639,0.0082917
640,0.00828996
641,0.00828899
642,0.00828945
643,0.00828912
644,0.00828864
645,0.00829201
646,0.00828844
647,0.00829384
648,0.00828907
649,0.00828711
650,0.00828947
651,0.00828463
652,0.00828735
653,0.00827774
654,0.00828526
655,0.00828378
656,0.00828457
657,0.00827376
658,0.00826596
659,0.00827209
660,0.0082719
661,0.00826653
662,0.00827248
663,0.00826707
664,0.00826535
665,0.00826445
666,0.00826532
667,0.00826157
668,0.00826646
669,0.00826517
670,0.00826754
671,0.0082672
672,0.0082707
673,0.00827237
674,0.00827026
675,0.0082714
676,0.00826139
677,0.00825832
678,0.00825969
679,0.00825776
680,0.00825104
681,0.00825125
682,0.00825235
683,0.00825121
684,0.00825101
685,0.00825164
686,0.00825136
687,0.00825583
688,0.00825281
689,0.00825046
690,0.00825413
691,0.00825463
692,0.00825125
693,0.00824604
694,0.0082418
695,0.00824331
696,0.00824075
697,0.00824051
698,0.00825024
699,0.00824774
700,0.00824638
701,0.0082494
702,0.0082471
703,0.00824607
704,0.00825424
705,0.00824813
706,0.00824384
707,0.00824813
708,0.00823945
709,0.00824569
710,0.00824398
711,0.00824013
712,0.00823395
713,0.008237
714,0.00824142
715,0.00824019
716,0.00824129
717,0.00823696
718,0.00823744
719,0.00823731
720,0.00824373
721,0.0082357
722,0.00823401
723,0.00824572
724,0.00824115
725,0.00823503
726,0.00823167
727,0.00823141
728,0.00823351
729,0.00823735
730,0.00823928
731,0.00823491
732,0.0082305
733,0.0082355
734,0.00822709
735,0.00822744
736,0.00823242
737,0.00823057
738,0.00822439
739,0.00822823
740,0.00823423
741,0.00823857
742,0.00823135
743,0.008234
744,0.00822556
745,0.00823044
746,0.00823479
747,0.00823702
748,0.00824125
749,0.00823383
750,0.00822875
751,0.00822741
752,0.00822615
753,0.00822061
754,0.00822313
755,0.00822624
756,0.00822109
757,0.00822323
758,0.00822177
759,0.00821992
760,0.00822422
761,0.00821846
762,0.00822209
763,0.00822709
764,0.00821899
765,0.0082179
766,0.00821956
767,0.0082242
768,0.00821782
769,0.00821794
770,0.00821538
771,0.00821792
772,0.00821629
773,0.00821488
774,0.00820828
775,0.00821159
776,0.00820882
777,0.00820668
778,0.00820874
779,0.00820913
780,0.00820737
781,0.00820688
782,0.00820703
783,0.00821001
784,0.00820848
785,0.00821381
786,0.00821345
787,0.00820845
788,0.00820423
789,0.00820119
790,0.00820042
791,0.00821172
792,0.00821302
793,0.00821018
794,0.00820816
795,0.00820331
796,0.00820887
797,0.00821004
798,0.00820417
799,0.00820331
800,0.00820657
801,0.00820895
802,0.00821167
803,0.00820706
804,0.00820687
805,0.00820072
806,0.00820883
807,0.00820612
808,0.00820897
809,0.00820315
810,0.00819785
811,0.00819828
812,0.00819266
813,0.0081963
814,0.00819455
815,0.00819266
816,0.00819513
817,0.00819436
818,0.00819892
819,0.00820222
820,0.00819382
821,0.00819923
822,0.00820162
823,0.00819663
824,0.00819387
825,0.00819288
826,0.00819394
827,0.00819756
828,0.0081941
829,0.00819337
830,0.00819659
831,0.00819613
832,0.00819425
833,0.00818994
834,0.00819567
835,0.008193
836,0.00819569
837,0.00819029
838,0.00818768
839,0.00818626
840,0.00819468
841,0.00819572
842,0.00818501
843,0.00818202
844,0.00818733
845,0.00818872
846,0.00818792
847,0.00819169
848,0.00818707
849,0.00818752
850,0.00818229
851,0.00818321
852,0.00818508
853,0.00818372
854,0.00818035
855,0.00818303
856,0.00818689
857,0.00818986
858,0.00818513
859,0.00818454
860,0.00819106
861,0.00819406
862,0.00819236
863,0.00818921
864,0.00818805
865,0.00818682
866,0.00819138
867,0.00818875
868,0.00818105
869,0.0081881
870,0.00819159
871,0.00818376
872,0.00818254
873,0.00818717
874,0.00818167
875,0.00818212
876,0.00818293
877,0.00818122
878,0.00817937
879,0.00817995
880,0.00818101
881,0.00817594
882,0.00817657
883,0.00818319
884,0.00818172
885,0.00817856
886,0.00818206
887,0.00818612
888,0.0081844
889,0.00818499
890,0.00817377
891,0.00817372
892,0.00817727
893,0.00817984
894,0.0081798
895,0.00818137
896,0.00818088
897,0.00817587
898,0.00817589
899,0.00817942
900,0.00817542
901,0.00817476
902,0.00817792
903,0.00817614
904,0.00817679
905,0.0081752
906,0.00817191
907,0.00817311
908,0.00817199
909,0.00817443
910,0.00817644
911,0.00818105
912,0.0081801
913,0.00818095
914,0.00817937
915,0.00818085
916,0.00818361
917,0.00817127
918,0.00817515
919,0.00817412
920,0.00817466
921,0.00817351
922,0.00817629
923,0.00817468
924,0.0081795
925,0.00817149
926,0.00817005
927,0.00817272
928,0.00817936
929,0.00817515
930,0.00817464
931,0.00817529
932,0.00817652
933,0.00817337
934,0.0081771
935,0.00817238
936,0.0081724
937,0.00817562
938,0.00817765
939,0.00817327
940,0.00816792
941,0.00817329
942,0.0081691
943,0.00817406
944,0.0081767
945,0.00817484
946,0.00817208
947,0.00816893
948,0.0081694
949,0.00817117
950,0.00817109
951,0.0081743
952,0.00817018
953,0.00817014
954,0.0081684
955,0.00817096
956,0.00816915
957,0.00817015
958,0.00816964
959,0.00817155
960,0.00816875
961,0.00816754
962,0.0081693
963,0.00816671
964,0.0081678
965,0.00816299
966,0.00816327
967,0.00816995
968,0.00816845
969,0.0081659
970,0.00816689
971,0.00816478
972,0.00816446
973,0.00816285
974,0.00816106
975,0.00816017
976,0.00816021
977,0.00815837
978,0.00816145
979,0.00816267
980,0.00815976
981,0.00816507
982,0.00816937
983,0.00816969
984,0.00816509
985,0.0081642
986,0.00816502
987,0.00816637
988,0.00816634
989,0.00816337
990,0.00816766
991,0.00817053
992,0.00817097
993,0.0081687
994,0.00816358
995,0.00816062
996,0.0081597
997,0.00815942
998,0.00815903
999,0.008165
1000,0.00816239
